                            OLS Regression Results                            
==============================================================================
Dep. Variable:     ln_investment_rate   R-squared:                       0.145
Model:                            OLS   Adj. R-squared:                  0.112
Method:                 Least Squares   F-statistic:                     89.70
Date:                Sun, 05 Apr 2026   Prob (F-statistic):           6.42e-22
Time:                        19:01:46   Log-Likelihood:                 129.01
No. Observations:                1450   AIC:                            -150.0
Df Residuals:                    1396   BIC:                             135.1
Df Model:                          53                                         
Covariance Type:              cluster                                         
====================================================================================================
                                       coef    std err          z      P>|z|      [0.025      0.975]
----------------------------------------------------------------------------------------------------
const                               -2.1794      0.062    -35.244      0.000      -2.301      -2.058
ln_investment_rate_lag              -0.0180      0.031     -0.576      0.565      -0.079       0.043
ln_gdp_per_capita                    0.0490      0.017      2.867      0.004       0.016       0.082
trade_openness_std                   0.0038      0.007      0.523      0.601      -0.010       0.018
government_expenditure_share_std     0.0027      0.005      0.485      0.628      -0.008       0.013
c_1                                  0.1425      0.014     10.251      0.000       0.115       0.170
c_2                                  0.0665      0.018      3.696      0.000       0.031       0.102
c_3                                  0.1862      0.030      6.137      0.000       0.127       0.246
c_4                                  0.0624      0.002     27.268      0.000       0.058       0.067
c_5                                  0.1313      0.019      6.834      0.000       0.094       0.169
c_6                                  0.1552      0.029      5.305      0.000       0.098       0.212
c_7                                  0.0819      0.003     29.119      0.000       0.076       0.087
c_8                                  0.0894      0.022      4.054      0.000       0.046       0.133
c_9                                  0.1366      0.014     10.054      0.000       0.110       0.163
c_10                                 0.0638      0.008      8.185      0.000       0.049       0.079
c_11                                 0.1627      0.018      8.848      0.000       0.127       0.199
c_12                                 0.0181      0.018      1.007      0.314      -0.017       0.053
c_13                                 0.2245      0.059      3.830      0.000       0.110       0.339
c_14                                 0.2544      0.065      3.906      0.000       0.127       0.382
c_15                                 0.0741      0.023      3.180      0.001       0.028       0.120
c_16                                 0.1488      0.030      5.003      0.000       0.091       0.207
c_17                                 0.0437      0.007      6.380      0.000       0.030       0.057
c_18                                 0.1713      0.027      6.234      0.000       0.117       0.225
c_19                                 0.2048      0.041      5.054      0.000       0.125       0.284
c_20                                 0.3186      0.046      6.970      0.000       0.229       0.408
c_21                                 0.0699      0.011      6.230      0.000       0.048       0.092
c_22                                 0.0902      0.018      4.952      0.000       0.054       0.126
c_23                                 0.1623      0.049      3.298      0.001       0.066       0.259
c_24                                 0.2168      0.032      6.834      0.000       0.155       0.279
c_25                                 0.0312      0.005      6.820      0.000       0.022       0.040
c_26                                 0.2208      0.038      5.770      0.000       0.146       0.296
c_27                                 0.0848      0.019      4.547      0.000       0.048       0.121
c_28                                 0.1358      0.023      5.869      0.000       0.090       0.181
c_29                                 0.0689      0.025      2.768      0.006       0.020       0.118
c_30                                 0.0346      0.018      1.931      0.054      -0.001       0.070
c_31                                 0.2577      0.042      6.071      0.000       0.174       0.341
c_32                                 0.0260      0.006      4.038      0.000       0.013       0.039
c_33                                 0.1160      0.032      3.621      0.000       0.053       0.179
c_34                                 0.1363      0.025      5.387      0.000       0.087       0.186
c_35                                 0.1506      0.024      6.297      0.000       0.104       0.197
c_36                                 0.1041      0.007     14.908      0.000       0.090       0.118
c_37                                 0.2471      0.066      3.756      0.000       0.118       0.376
c_38                                 0.1926      0.035      5.454      0.000       0.123       0.262
c_39                                 0.1355      0.004     33.145      0.000       0.128       0.144
c_40                                 0.1085      0.004     28.999      0.000       0.101       0.116
c_41                                 0.0425      0.003     16.612      0.000       0.037       0.048
c_42                                 0.1532      0.012     12.733      0.000       0.130       0.177
c_43                                 0.0377      0.010      3.760      0.000       0.018       0.057
c_44                                 0.1484      0.035      4.285      0.000       0.081       0.216
c_45                                 0.1373      0.026      5.380      0.000       0.087       0.187
c_46                                 0.1084      0.022      4.919      0.000       0.065       0.152
c_47                                 0.1090      0.021      5.116      0.000       0.067       0.151
c_48                                 0.1269      0.006     20.113      0.000       0.115       0.139
c_49                                 0.0900      0.042      2.156      0.031       0.008       0.172
==============================================================================
Omnibus:                      186.776   Durbin-Watson:                   2.004
Prob(Omnibus):                  0.000   Jarque-Bera (JB):              336.423
Skew:                          -0.824   Prob(JB):                     8.84e-74
Kurtosis:                       4.689   Cond. No.                         146.
==============================================================================

Notes:
[1] Standard Errors are robust to cluster correlation (cluster)